0.0111976
0.0112091
0.0112053
0.0111874
0.0111846
0.0111829
0.0112060
0.0111990
0.0111802
0.0111730
0.0111856
0.0112023
0.0111976
0.0112156
0.0114323
0.0114200
0.0111901
0.0111877
0.0111213
0.0111161
0.0110576
0.0111130
0.0111235
0.0111059
0.0113228
0.0113324
0.0113264
0.0113491
0.0111178
0.0111058
0.0111237
0.0111174
0.0113715
0.0113393
0.0111149
0.0111160
0.0113484
0.0113583
0.0114132
0.0114427
0.0108989
0.0108600
0.0108784
0.0108888
0.0110829
0.0108981
0.0108942
0.0108907
0.0108931
0.0109008
0.0108975
0.0108963
0.0108844
0.0108746
0.0114861
0.0114846
0.0109023
0.0109078
0.0111977
0.0111982
0.0112337
0.0111928
0.0111955
0.0112075
0.0112441
0.0112427
0.0112362
0.0112420
0.0112234
0.0112138
0.0112009
0.0112097
0.0112237
0.0112323
0.0112098
0.0112073
0.0112375
0.0112267
0.0114758
0.0115150
0.0112132
0.0112171
0.0112220
0.0112178
0.0115992
0.0112311
0.0112100
0.0112119
0.0112240
0.0112133
0.0112192
0.0112164
0.0112307
0.0112337
0.0110478
0.0110838
0.0112390
0.0112205
0.0115468
0.0115407
0.0115471
0.0115361
0.0115208
0.0115386
0.0114416
0.0114401
0.0114398
0.0114668
0.0115559
0.0115633
0.0115438
0.0115543
0.0114657
0.0114406
0.0115534
0.0115487
0.0114532
0.0114496
0.0110645
0.0110720
0.0115103
0.0115072
0.0114916
0.0115050
0.0115122
0.0115112
0.0115067
0.0115252
0.0115035
0.0115042
0.0114991
0.0115184
0.0114978
0.0115246
0.0118319
0.0117825
0.0115475
0.0115226
0.0111694
0.0111872
0.0111825
0.0111749
0.0111753
0.0111678
0.0115232
0.0115198
0.0115336
0.0115384
0.0111629
0.0111682
0.0111582
0.0111588
0.0115246
0.0115370
0.0111677
0.0111698
0.0115074
0.0115130
0.0117097
0.0116900
0.0113526
0.0113622
0.0113709
0.0113488
0.0117960
0.0113499
0.0113577
0.0113364
0.0113191
0.0113359
0.0113471
0.0113268
0.0113411
0.0113255
0.0114018
0.0114018
0.0113535
0.0113390
0.0112541
0.0112538
0.0113959
0.0114018
0.0114018
0.0114438
0.0115895
0.0115700
0.0115665
0.0115859
0.0114290
0.0114508
0.0114307
0.0114196
0.0115897
0.0115938
0.0112573
0.0112690
0.0115912
0.0115961
0.0114258
0.0114221
