-8.79697
-8.78182
-8.81983
-8.76606
-8.77309
-8.77587
-8.82059
-8.79737
-8.75015
-8.76120
-8.77126
-8.81090
-8.79624
-8.83364
-8.95395
-8.94624
-8.78198
-8.77175
-8.85339
-8.85643
-8.71178
-8.83953
-8.85507
-8.81415
-8.81973
-8.81159
-8.81397
-8.86374
-8.84968
-8.85346
-8.88719
-8.85738
-8.93699
-8.85141
-8.86605
-8.87240
-8.90751
-8.90066
-8.89715
-8.98181
-8.55438
-8.48612
-8.52225
-8.52421
-8.71861
-8.55098
-8.52754
-8.55072
-8.55254
-8.58570
-8.54437
-8.53323
-8.50857
-8.50469
-8.94476
-8.94632
-8.58230
-8.59844
-8.76362
-8.76588
-8.35258
-8.75780
-8.75117
-8.77339
-8.91032
-8.91900
-8.90808
-8.92407
-8.81138
-8.77416
-8.75636
-8.78631
-8.90754
-8.91646
-8.79781
-8.79755
-8.94172
-8.90117
-8.92945
-9.02622
-8.88205
-8.90246
-8.93289
-8.90473
-9.11223
-8.89641
-8.89192
-8.85984
-8.88875
-8.88293
-8.88847
-8.88730
-8.91017
-8.93280
-8.86561
-8.89403
-8.92871
-8.90067
-9.10806
-9.10208
-9.16468
-9.11287
-9.11196
-9.13134
-9.23219
-9.23418
-9.27051
-9.30925
-9.15990
-9.15935
-9.15966
-9.18172
-9.31641
-9.26973
-9.14582
-9.13261
-9.28954
-9.27242
-8.88837
-8.88928
-9.15480
-9.17958
-9.12968
-9.14340
-9.13266
-9.18984
-9.17540
-9.18952
-9.13667
-9.14570
-9.12057
-9.19414
-9.16995
-9.20737
-9.39935
-9.19206
-9.24429
-9.20533
-8.86068
-8.86232
-8.87311
-8.85805
-8.85290
-8.85116
-9.07420
-9.07856
-9.06669
-9.07800
-8.85884
-8.79775
-8.82819
-8.83052
-9.08500
-9.09238
-8.84779
-8.83685
-9.01946
-9.02764
-9.16904
-9.18762
-8.98554
-8.99831
-9.01271
-8.99363
-9.40111
-8.95985
-8.98231
-8.95825
-8.93070
-8.95595
-8.95922
-8.92093
-8.95455
-8.92980
-8.96647
-8.96647
-8.94151
-8.94668
-8.81564
-8.82584
-9.02820
-8.96647
-8.96647
-9.10236
-9.06454
-9.05069
-9.04997
-9.06605
-9.03691
-9.08338
-9.03350
-9.02059
-9.06363
-9.08519
-8.79585
-8.82950
-9.07806
-9.11962
-9.03317
-9.04439
