0.0114337
0.0114509
0.0113426
0.0113283
0.0111153
0.0111174
0.0113395
0.0113274
0.0112710
0.0113222
0.0113324
0.0113229
0.0113369
0.0113391
0.0113475
0.0113330
0.0113174
0.0113121
0.0113280
0.0113189
0.0111062
0.0111192
0.0110120
0.0113406
0.0113922
0.0115076
0.0113313
0.0113518
0.0114349
0.0114217
0.0114339
0.0114239
0.0113841
0.0113648
0.0113489
0.0113517
0.0114156
0.0114249
0.0114258
0.0114410
0.0114834
0.0114532
0.0109147
0.0109282
0.0111897
0.0111850
0.0109232
0.0109196
0.0111076
0.0109234
0.0109143
0.0109048
0.0108910
0.0109032
0.0109018
0.0109100
0.0109231
0.0109216
0.0109160
0.0109171
0.0111693
0.0111916
0.0112315
0.0112264
0.0115095
0.0115248
0.0112323
0.0112382
0.0115073
0.0114949
0.0114917
0.0115056
0.0112248
0.0112169
0.0112326
0.0112246
0.0114998
0.0115009
0.0114998
0.0115007
0.0110563
0.0110528
0.0112799
0.0112909
0.0115569
0.0115508
0.0112894
0.0112807
0.0113640
0.0112915
0.0112950
0.0112947
0.0113156
0.0113080
0.0113181
0.0113199
0.0113095
0.0112941
0.0113047
0.0112899
0.0115502
0.0115354
0.0113971
0.0114367
0.0110428
0.0110398
0.0114393
0.0114607
0.0110682
0.0110683
0.0110638
0.0110682
0.0114655
0.0114425
0.0114512
0.0114501
0.0110668
0.0110793
0.0110648
0.0110729
0.0128824
0.0117506
0.0112856
0.0113107
0.0111597
0.0111621
0.0113070
0.0113198
0.0113010
0.0113018
0.0112984
0.0113221
0.0113024
0.0113152
0.0113048
0.0112991
0.0113277
0.0113057
0.0113110
0.0113277
0.0111855
0.0111639
0.0114937
0.0115194
0.0117132
0.0114647
0.0115418
0.0115472
0.0117294
0.0117055
0.0117085
0.0117651
0.0115240
0.0115342
0.0115179
0.0115186
0.0116801
0.0116004
0.0117007
0.0115896
0.0114018
0.0114018
0.0113280
0.0113058
0.0112481
0.0112492
0.0113174
0.0113014
0.0114514
0.0112802
0.0113001
0.0112989
0.0112961
0.0112880
0.0113063
0.0113113
0.0113120
0.0113122
0.0113130
0.0112941
0.0112352
0.0112190
0.0115681
0.0116090
0.0114164
0.0114132
0.0115622
0.0115850
0.0112574
0.0112747
0.0112586
0.0112460
0.0115891
0.0115998
0.0115902
0.0116015
0.0112593
0.0112466
0.0112506
0.0112399
