-8.97061
-8.94863
-8.88583
-8.83766
-8.85338
-8.85230
-8.89477
-8.86031
-8.72737
-8.84966
-8.86093
-8.84282
-8.86829
-8.88392
-8.88476
-8.87975
-8.84017
-8.81983
-8.84271
-8.81427
-8.79516
-8.84879
-7.89620
-8.84660
-8.87417
-8.38699
-8.81846
-8.88043
-8.94330
-8.94102
-8.97290
-8.93493
-8.95996
-8.91949
-8.90998
-8.90824
-8.93868
-8.92442
-8.93507
-8.97630
-8.97169
-8.91810
-8.60382
-8.58330
-8.71456
-8.71656
-8.57997
-8.59670
-8.88321
-8.63654
-8.56712
-8.54181
-8.50347
-8.53262
-8.53096
-8.55537
-8.60863
-8.62207
-8.57770
-8.58269
-8.69203
-8.75268
-8.89175
-8.89173
-9.00753
-9.06973
-8.89678
-8.91063
-9.01892
-8.96442
-8.97603
-9.01047
-8.91330
-8.89041
-8.90186
-8.89134
-8.98661
-8.98157
-8.99022
-9.00163
-8.85482
-8.84578
-8.99000
-9.00458
-9.12562
-9.14020
-8.99253
-8.93598
-9.07467
-8.98125
-9.00880
-9.00396
-9.00883
-9.02062
-9.05821
-9.04403
-9.03560
-9.00347
-8.99995
-8.96644
-9.16050
-9.11285
-9.18548
-9.24242
-8.82223
-8.79771
-9.27679
-9.29680
-8.87452
-8.87129
-8.88192
-8.90236
-9.31721
-9.25975
-9.25956
-9.26267
-8.88732
-8.89984
-8.87906
-8.89503
-10.3914
-9.22413
-8.93894
-8.97587
-8.82963
-8.87131
-8.97977
-9.00317
-8.94488
-8.95620
-8.94883
-9.02034
-8.99898
-9.00570
-9.02198
-8.98209
-9.02834
-8.99437
-9.01104
-9.00660
-8.88106
-8.84872
-9.07710
-9.05646
-9.20920
-9.10326
-9.05824
-9.09008
-9.21669
-9.16259
-9.15281
-9.35147
-9.08977
-9.09454
-9.06108
-9.05716
-9.15951
-9.01476
-9.17323
-9.05831
-8.96647
-8.96647
-8.99684
-8.95912
-8.78842
-8.78169
-8.98785
-8.95711
-9.28686
-8.92225
-8.92915
-8.93739
-8.92390
-8.90982
-8.92038
-8.92876
-8.93867
-8.95662
-8.98968
-8.91165
-8.77787
-8.75305
-9.04526
-9.11997
-9.02685
-9.03031
-8.99505
-9.06987
-8.80060
-8.83493
-8.79928
-8.76777
-9.06006
-9.08332
-9.07573
-9.09905
-8.83094
-8.81544
-8.77914
-8.78726
