0.0114172
0.0111429
0.0110877
0.0115223
0.0110758
0.0109897
0.0112789
0.0111885
0.0112468
0.0112845
0.0112638
0.0112992
0.0112289
0.0111332
0.0114830
0.0113885
0.0113940
0.0113188
0.0112095
0.0114105
0.0112176
0.0109260
0.0109909
0.0110824
0.0112969
0.0113218
0.0109932
0.0113596
0.0115725
0.0111038
0.0114365
0.0111638
0.0113362
0.0112762
0.0111517
0.0115161
0.0113811
0.0117256
0.0115254
0.0114995
0.0111368
0.0113522
0.0111199
0.0109779
0.0109411
0.0110444
0.0110250
0.0113819
0.0113490
0.0113577
0.0111110
0.0110722
0.0110951
0.0111939
0.0116366
0.0115464
0.0113128
0.0113036
0.0114699
0.0111976
0.0111785
0.0110595
0.0110852
0.0111479
0.0108350
0.0107922
0.0107480
0.0107558
0.0112104
0.0112718
0.0112618
0.0112969
0.0112693
0.0111124
0.0113648
0.0111161
0.0109821
0.0108956
0.0112117
0.0112972
0.0111787
0.0116216
0.0113507
0.0115479
0.0109748
0.0112565
0.0111005
0.0111553
0.0112156
0.0111061
0.0111336
0.0113641
0.0115576
0.0114287
0.0114873
0.0114808
0.0114762
0.0116182
0.0118377
0.0115453
0.0115200
0.0114944
0.0116434
0.0113519
0.0114101
0.0113437
0.0112936
0.0113394
0.0115129
0.0117931
0.0117257
0.0118722
0.0110992
0.0113717
0.0114575
0.0115924
0.0111101
0.0110002
0.0111462
0.0111745
0.0112161
0.0114383
0.0114266
0.0115746
0.0111700
0.0111672
0.0112984
0.0113701
0.0113077
0.0113262
0.0114635
0.0113886
0.0113632
0.0113500
0.0115893
0.0118084
0.0116490
0.0115766
0.0111720
0.0110220
0.0112549
0.0108316
0.0110583
0.0111805
0.0111829
0.0111260
0.0112517
0.0111494
0.0112937
0.0111294
0.0109048
0.0113598
0.0111626
0.0111153
0.0114552
0.0110191
0.0111348
0.0113189
0.0111835
0.0111668
0.0110258
0.0114234
0.0114721
0.0112634
0.0112110
0.0112755
0.0111211
0.0114628
0.0109149
0.0112357
0.0117607
0.0114084
0.0111628
0.0110305
0.0119335
0.0119211
0.0111914
0.0113324
0.0118410
0.0115008
0.0111482
0.0113316
0.0111680
0.0113721
0.0112245
0.0114563
0.0115234
0.0114149
0.0114077
0.0110849
0.0113521
0.0112363
0.0112239
0.0113105
0.0115178
0.0115195
0.0113087
0.0112927
0.0111205
0.0112701
