-8.98389
-8.71919
-8.71263
-8.67241
-8.78265
-9.06272
-8.70623
-8.61917
-8.80181
-8.79103
-8.71453
-8.86539
-8.68962
-8.67723
-8.69315
-9.02426
-8.93268
-8.70498
-8.65395
-8.75481
-8.97000
-8.64158
-8.74924
-8.54146
-8.66045
-8.07638
-8.82271
-9.11786
-8.97979
-8.68611
-8.66787
-8.71511
-8.88551
-8.83648
-8.92127
-9.00141
-8.78952
-8.96322
-8.91038
-8.88182
-8.73195
-9.03797
-8.90208
-8.66705
-8.61489
-8.97818
-8.67591
-8.94060
-7.83925
-8.60675
-8.44493
-8.58409
-8.66215
-8.74701
-8.60456
-8.71097
-8.83278
-8.83234
-8.80988
-8.66169
-9.05764
-8.81362
-8.00054
-8.39973
-8.45638
-9.01193
-8.37531
-8.29214
-8.73169
-8.66277
-8.68069
-8.69344
-8.17109
-8.27943
-8.15868
-8.01998
-9.32833
-8.97798
-8.81297
-8.85242
-9.00570
-8.84658
-8.96459
-8.69027
-8.91777
-8.74039
-8.76804
-8.89218
-8.59991
-8.56058
-8.70858
-8.80046
-8.84171
-8.72668
-9.17580
-8.92081
-8.81829
-8.64678
-9.03681
-8.82824
-9.28436
-9.20752
-9.13233
-9.32743
-9.04561
-8.91931
-8.72367
-8.71962
-8.63587
-8.59704
-8.97378
-9.05254
-8.83665
-8.81520
-8.53289
-8.77288
-9.18725
-8.71653
-8.80818
-8.81232
-9.39383
-8.87738
-8.80149
-8.96658
-8.45308
-8.70450
-8.51829
-8.62753
-8.60297
-8.59207
-8.67456
-8.87530
-8.68769
-8.99089
-8.55068
-8.83023
-9.13946
-8.74980
-8.91977
-9.05265
-8.87911
-8.52221
-8.67406
-8.65227
-8.73944
-9.20436
-8.48206
-8.95677
-8.61900
-9.05622
-8.75040
-8.87874
-8.95759
-8.80178
-8.51922
-8.66784
-8.62661
-9.00674
-9.03809
-8.87221
-8.97821
-9.14728
-9.07211
-8.84456
-8.67111
-8.75298
-8.76610
-8.64815
-8.01898
-8.64671
-8.70755
-8.92200
-8.68619
-9.05066
-9.09886
-8.87035
-8.78519
-9.04200
-9.11172
-9.17789
-8.61331
-8.62103
-8.87677
-8.61449
-8.65721
-8.67125
-8.94804
-8.77075
-8.99298
-8.98465
-9.05160
-8.71335
-8.62833
-8.68041
-9.07450
-9.01623
-9.07442
-9.45474
-8.74878
-9.24275
