0.0114438
0.0112600
0.0112854
0.0113053
0.0112005
0.0114007
0.0112925
0.0112420
0.0114207
0.0112884
0.0112075
0.0114750
0.0112734
0.0112559
0.0113515
0.0115340
0.0113410
0.0112847
0.0112185
0.0112804
0.0113722
0.0112582
0.0117324
0.0109875
0.0110837
0.0114795
0.0112259
0.0115053
0.0112765
0.0112867
0.0111898
0.0111883
0.0114994
0.0113708
0.0114393
0.0115540
0.0113769
0.0114966
0.0114579
0.0114182
0.0111898
0.0113803
0.0114781
0.0110399
0.0110733
0.0115166
0.0112373
0.0114640
0.0107911
0.0109616
0.0108968
0.0109536
0.0112703
0.0113909
0.0112576
0.0113443
0.0113019
0.0112957
0.0113282
0.0112225
0.0114424
0.0111981
0.0108571
0.0108302
0.0110188
0.0115176
0.0109605
0.0107678
0.0113955
0.0112758
0.0112979
0.0111893
0.0110131
0.0108300
0.0111149
0.0107426
0.0117010
0.0114851
0.0113712
0.0113366
0.0114137
0.0113614
0.0114919
0.0110901
0.0115539
0.0113775
0.0113663
0.0113586
0.0110252
0.0109839
0.0111481
0.0111843
0.0114208
0.0113950
0.0116665
0.0115568
0.0114058
0.0111797
0.0115537
0.0114743
0.0117701
0.0116892
0.0115534
0.0117192
0.0114840
0.0114301
0.0112238
0.0110492
0.0110028
0.0109509
0.0114227
0.0113795
0.0111598
0.0112260
0.0109736
0.0111104
0.0116457
0.0113577
0.0113426
0.0113798
0.0124660
0.0114630
0.0112963
0.0113730
0.0109080
0.0111407
0.0110234
0.0111887
0.0110596
0.0110800
0.0110189
0.0112293
0.0112218
0.0114403
0.0110030
0.0112245
0.0115678
0.0113264
0.0114130
0.0114981
0.0113094
0.0110863
0.0110728
0.0111064
0.0115729
0.0115807
0.0110001
0.0114096
0.0112666
0.0115187
0.0112691
0.0116770
0.0114127
0.0113210
0.0112055
0.0112424
0.0114256
0.0115814
0.0116136
0.0114980
0.0113334
0.0116222
0.0114523
0.0113968
0.0112223
0.0112845
0.0112554
0.0111821
0.0110452
0.0111604
0.0112653
0.0114789
0.0112700
0.0115082
0.0115320
0.0115099
0.0114446
0.0115721
0.0115951
0.0116909
0.0111056
0.0111942
0.0115136
0.0113476
0.0111595
0.0111524
0.0115000
0.0114189
0.0113852
0.0113968
0.0114641
0.0112640
0.0111743
0.0112261
0.0114602
0.0113695
0.0113171
0.0118809
0.0110427
0.0115446
