-8.99582
-8.60402
-8.60497
-8.99644
-8.68758
-8.58659
-8.73640
-8.72344
-8.62318
-8.71204
-8.69726
-8.66087
-8.62169
-8.54265
-8.90764
-9.01446
-8.92194
-8.72119
-8.56668
-8.79537
-8.78425
-8.57648
-8.63327
-8.72921
-8.87771
-8.72477
-8.50052
-8.93166
-9.06921
-8.75253
-8.78576
-8.56707
-8.87776
-8.91375
-8.58319
-8.74886
-8.69073
-9.21044
-9.07319
-9.08315
-8.63047
-8.92690
-8.78205
-8.56040
-7.80267
-8.61248
-8.63670
-8.79330
-8.89261
-8.88023
-8.57547
-8.48981
-8.54284
-8.68077
-9.09309
-9.01233
-8.76416
-8.75185
-8.93593
-8.67888
-8.08510
-8.70914
-8.75210
-8.64425
-8.25975
-8.21235
-8.16607
-8.15801
-8.62724
-8.66238
-8.72868
-8.72508
-8.60209
-8.59160
-8.76079
-8.54279
-8.35948
-8.22310
-8.81339
-8.92617
-8.63205
-9.07695
-8.85538
-9.06045
-7.36468
-8.81795
-8.53080
-8.62766
-8.76035
-8.71246
-8.75131
-8.71684
-9.06393
-8.82363
-9.01173
-9.00922
-9.21911
-9.05520
-9.38269
-8.97023
-9.01768
-8.99804
-9.18663
-8.79468
-8.83867
-8.84953
-8.89846
-8.93113
-8.94157
-9.38615
-9.35084
-9.42234
-8.73283
-9.00713
-8.77486
-8.98502
-8.73297
-8.57281
-8.64124
-8.54517
-8.80636
-8.92783
-8.98448
-9.06756
-8.67224
-8.67052
-8.70487
-8.80845
-8.68809
-8.72881
-8.81633
-8.71918
-8.80355
-8.79715
-8.88183
-9.08992
-9.17418
-9.05538
-8.81280
-8.62032
-8.62590
-8.45839
-8.60372
-8.69308
-8.60078
-8.61265
-8.63037
-8.76039
-8.82264
-8.67910
-8.46486
-8.72116
-8.45528
-8.67341
-8.74903
-8.51678
-8.67126
-8.69085
-8.48265
-8.44486
-8.55129
-8.82229
-8.91106
-8.81682
-7.50267
-8.81025
-8.64738
-8.88379
-8.50578
-8.74955
-8.75881
-8.91624
-8.69311
-8.64992
-9.41855
-9.34527
-8.74676
-8.97317
-9.41449
-9.15239
-8.63593
-8.93267
-8.78455
-8.80810
-8.61598
-8.80548
-8.79779
-8.81855
-8.75445
-8.68466
-8.86996
-8.81567
-8.69523
-8.80824
-9.14168
-9.16109
-8.77503
-8.72840
-8.71939
-9.00793
